1747316084648 0.4350000023841858 0
1747316084768 0.7419999837875366 1
1747316084885 0.8740000128746033 2
1747316085004 0.9129999876022339 3
1747316085121 0.953000009059906 4
1747316085241 0.9599999785423279 5
1747316085358 0.9729999899864197 6
1747316085464 0.9760000109672546 7
1747316085582 0.9879999756813049 8
1747316085686 0.984000027179718 9
1747316085804 0.9900000095367432 10
1747316085913 0.9919999837875366 11
1747316086015 0.9950000047683716 12
1747316086132 0.996999979019165 13
1747316086244 0.9950000047683716 14
1747316086363 0.9959999918937683 15
1747316086482 0.996999979019165 16
1747316086584 0.996999979019165 17
1747316086693 0.996999979019165 18
1747316086794 0.9980000257492065 19
1747316086901 0.9990000128746033 20
1747316087002 0.9990000128746033 21
1747316087106 0.9980000257492065 22
1747316087212 0.9990000128746033 23
1747316087319 0.9950000047683716 24
1747316087423 1.0 25
1747316087524 0.9980000257492065 26
1747316087631 1.0 27
1747316087736 1.0 28
1747316087838 1.0 29
1747316087958 1.0 30
1747316088068 0.9990000128746033 31
1747316088170 0.9990000128746033 32
1747316088282 1.0 33
1747316088385 0.9990000128746033 34
1747316088496 1.0 35
1747316088597 0.9990000128746033 36
1747316088704 0.9980000257492065 37
1747316088808 1.0 38
1747316088910 0.9990000128746033 39
1747316089012 1.0 40
1747316089118 0.9990000128746033 41
1747316089224 0.9990000128746033 42
1747316089346 1.0 43
1747316089447 1.0 44
1747316089547 1.0 45
1747316089646 1.0 46
1747316089742 1.0 47
1747316089851 1.0 48
1747316089952 0.9990000128746033 49
1747316090060 0.9990000128746033 50
1747316090165 1.0 51
1747316090265 1.0 52
1747316090370 0.9990000128746033 53
1747316090478 1.0 54
1747316090596 1.0 55
1747316090698 1.0 56
1747316090799 1.0 57
1747316090910 1.0 58
1747316091016 1.0 59
1747316091119 0.9990000128746033 60
1747316091222 1.0 61
1747316091327 1.0 62
1747316091433 1.0 63
1747316091535 1.0 64
1747316091639 1.0 65
1747316091741 1.0 66
1747316091844 1.0 67
1747316091944 1.0 68
1747316092049 1.0 69
1747316092156 1.0 70
1747316092263 1.0 71
1747316092370 1.0 72
1747316092475 1.0 73
1747316092585 1.0 74
1747316092691 1.0 75
1747316092798 1.0 76
1747316092900 1.0 77
1747316093004 1.0 78
1747316093114 1.0 79
1747316093213 1.0 80
1747316093318 1.0 81
1747316093420 1.0 82
1747316093527 1.0 83
1747316093636 1.0 84
1747316093743 1.0 85
1747316093849 1.0 86
1747316093951 1.0 87
1747316094059 1.0 88
1747316094173 1.0 89
1747316094298 1.0 90
1747316094521 1.0 91
1747316094651 1.0 92
1747316094771 1.0 93
1747316094897 1.0 94
1747316095031 1.0 95
1747316095157 1.0 96
1747316095286 1.0 97
1747316095412 1.0 98
1747316095534 1.0 99
