1747316084648 9.999999747378752e-05 0
1747316084768 9.999999747378752e-05 1
1747316084885 9.999999747378752e-05 2
1747316085004 9.999999747378752e-05 3
1747316085121 9.999999747378752e-05 4
1747316085241 9.999999747378752e-05 5
1747316085358 9.999999747378752e-05 6
1747316085464 9.999999747378752e-05 7
1747316085582 9.999999747378752e-05 8
1747316085686 9.999999747378752e-05 9
1747316085804 9.999999747378752e-05 10
1747316085913 9.999999747378752e-05 11
1747316086015 9.999999747378752e-05 12
1747316086132 9.999999747378752e-05 13
1747316086244 9.999999747378752e-05 14
1747316086363 9.999999747378752e-05 15
1747316086482 9.999999747378752e-05 16
1747316086584 9.999999747378752e-05 17
1747316086693 9.999999747378752e-05 18
1747316086794 9.999999747378752e-05 19
1747316086901 9.999999747378752e-05 20
1747316087002 9.999999747378752e-05 21
1747316087106 9.999999747378752e-05 22
1747316087212 9.999999747378752e-05 23
1747316087319 9.999999747378752e-05 24
1747316087423 9.999999747378752e-05 25
1747316087524 9.999999747378752e-05 26
1747316087631 9.999999747378752e-05 27
1747316087736 9.999999747378752e-05 28
1747316087838 9.999999747378752e-05 29
1747316087958 9.999999747378752e-05 30
1747316088068 9.999999747378752e-05 31
1747316088170 9.999999747378752e-05 32
1747316088282 9.999999747378752e-05 33
1747316088385 9.999999747378752e-05 34
1747316088496 9.999999747378752e-05 35
1747316088597 9.999999747378752e-05 36
1747316088704 9.999999747378752e-05 37
1747316088808 9.999999747378752e-05 38
1747316088910 9.999999747378752e-05 39
1747316089012 9.999999747378752e-05 40
1747316089118 9.999999747378752e-05 41
1747316089224 9.999999747378752e-05 42
1747316089346 9.999999747378752e-05 43
1747316089447 9.999999747378752e-05 44
1747316089547 9.999999747378752e-05 45
1747316089646 9.999999747378752e-05 46
1747316089742 9.999999747378752e-05 47
1747316089851 9.999999747378752e-05 48
1747316089952 9.999999747378752e-05 49
1747316090060 9.999999747378752e-05 50
1747316090165 9.999999747378752e-05 51
1747316090265 9.999999747378752e-05 52
1747316090370 9.999999747378752e-05 53
1747316090478 9.999999747378752e-05 54
1747316090596 9.999999747378752e-05 55
1747316090698 9.999999747378752e-05 56
1747316090799 9.999999747378752e-05 57
1747316090910 9.999999747378752e-05 58
1747316091016 9.999999747378752e-05 59
1747316091119 9.999999747378752e-05 60
1747316091222 9.999999747378752e-05 61
1747316091327 9.999999747378752e-05 62
1747316091433 9.999999747378752e-05 63
1747316091535 9.999999747378752e-05 64
1747316091639 9.999999747378752e-05 65
1747316091741 9.999999747378752e-05 66
1747316091844 9.999999747378752e-05 67
1747316091944 9.999999747378752e-05 68
1747316092049 9.999999747378752e-05 69
1747316092156 9.999999747378752e-05 70
1747316092263 9.999999747378752e-05 71
1747316092370 9.999999747378752e-05 72
1747316092475 9.999999747378752e-05 73
1747316092585 9.999999747378752e-05 74
1747316092691 9.999999747378752e-05 75
1747316092798 9.999999747378752e-05 76
1747316092900 9.999999747378752e-05 77
1747316093004 9.999999747378752e-05 78
1747316093114 9.999999747378752e-05 79
1747316093213 9.999999747378752e-05 80
1747316093318 9.999999747378752e-05 81
1747316093420 9.999999747378752e-05 82
1747316093527 9.999999747378752e-05 83
1747316093636 9.999999747378752e-05 84
1747316093743 9.999999747378752e-05 85
1747316093849 9.999999747378752e-05 86
1747316093951 9.999999747378752e-05 87
1747316094059 9.999999747378752e-05 88
1747316094173 9.999999747378752e-05 89
1747316094298 9.999999747378752e-05 90
1747316094521 9.999999747378752e-05 91
1747316094651 9.999999747378752e-05 92
1747316094771 9.999999747378752e-05 93
1747316094897 9.999999747378752e-05 94
1747316095031 9.999999747378752e-05 95
1747316095157 9.999999747378752e-05 96
1747316095286 9.999999747378752e-05 97
1747316095412 9.999999747378752e-05 98
1747316095534 9.999999747378752e-05 99
