1747316084648 1.6047741174697876 0
1747316084768 0.7031672596931458 1
1747316084885 0.3925420343875885 2
1747316085004 0.266206830739975 3
1747316085121 0.17670388519763947 4
1747316085241 0.15677757561206818 5
1747316085358 0.12798546254634857 6
1747316085464 0.11389436572790146 7
1747316085582 0.08488450199365616 8
1747316085686 0.08335205912590027 9
1747316085804 0.06208580359816551 10
1747316085913 0.057112883776426315 11
1747316086015 0.050138089805841446 12
1747316086132 0.04053149372339249 13
1747316086244 0.04324784502387047 14
1747316086363 0.04063015803694725 15
1747316086482 0.03528119996190071 16
1747316086584 0.034286338835954666 17
1747316086693 0.03357357531785965 18
1747316086794 0.02856343798339367 19
1747316086901 0.025313755497336388 20
1747316087002 0.024083858355879784 21
1747316087106 0.022601954638957977 22
1747316087212 0.01858794316649437 23
1747316087319 0.027629565447568893 24
1747316087423 0.01806046813726425 25
1747316087524 0.019174735993146896 26
1747316087631 0.017707614228129387 27
1747316087736 0.018619436770677567 28
1747316087838 0.01402323693037033 29
1747316087958 0.014284896664321423 30
1747316088068 0.013772222213447094 31
1747316088170 0.014245936647057533 32
1747316088282 0.012264945544302464 33
1747316088385 0.014369201846420765 34
1747316088496 0.01176990382373333 35
1747316088597 0.012677461840212345 36
1747316088704 0.014344966039061546 37
1747316088808 0.011662771925330162 38
1747316088910 0.011306214146316051 39
1747316089012 0.010056030936539173 40
1747316089118 0.008752605877816677 41
1747316089224 0.008841896429657936 42
1747316089346 0.009023098275065422 43
1747316089447 0.008158192038536072 44
1747316089547 0.00815732590854168 45
1747316089646 0.009093115106225014 46
1747316089742 0.007701402064412832 47
1747316089851 0.00624794140458107 48
1747316089952 0.008095034398138523 49
1747316090060 0.00812062993645668 50
1747316090165 0.006302132736891508 51
1747316090265 0.005581504665315151 52
1747316090370 0.0067999535240232944 53
1747316090478 0.005918636452406645 54
1747316090596 0.006129956338554621 55
1747316090698 0.005356982816010714 56
1747316090799 0.004906717222183943 57
1747316090910 0.004103846848011017 58
1747316091016 0.005324056837707758 59
1747316091119 0.006457588169723749 60
1747316091222 0.004006554372608662 61
1747316091327 0.004793129861354828 62
1747316091433 0.0048363651148974895 63
1747316091535 0.005157126113772392 64
1747316091639 0.003975430503487587 65
1747316091741 0.005022565834224224 66
1747316091844 0.0043158321641385555 67
1747316091944 0.00468118442222476 68
1747316092049 0.003593094414100051 69
1747316092156 0.004692599643021822 70
1747316092263 0.0039561414159834385 71
1747316092370 0.004310584627091885 72
1747316092475 0.0031699121464043856 73
1747316092585 0.003918814472854137 74
1747316092691 0.003565948223695159 75
1747316092798 0.003572976216673851 76
1747316092900 0.004913107957690954 77
1747316093004 0.002704391721636057 78
1747316093114 0.0035520729143172503 79
1747316093213 0.002445851918309927 80
1747316093318 0.0037239494267851114 81
1747316093420 0.0035716607235372066 82
1747316093527 0.003085293574258685 83
1747316093636 0.0030761335510760546 84
1747316093743 0.0023152686189860106 85
1747316093849 0.003363701980561018 86
1747316093951 0.004243774339556694 87
1747316094059 0.0027200980111956596 88
1747316094173 0.002542165806517005 89
1747316094298 0.002657095668837428 90
1747316094521 0.004164826590567827 91
1747316094651 0.002271840814501047 92
1747316094771 0.002491867868229747 93
1747316094897 0.0019593294709920883 94
1747316095031 0.0022418994922190905 95
1747316095157 0.0017504891147837043 96
1747316095286 0.003111214842647314 97
1747316095412 0.00259275920689106 98
1747316095534 0.0022381825838238 99
