1747315967772 0.3499999940395355 0
1747315968022 0.6830000281333923 1
1747315968267 0.7720000147819519 2
1747315968515 0.8529999852180481 3
1747315968755 0.8980000019073486 4
1747315969008 0.9139999747276306 5
1747315969254 0.9340000152587891 6
1747315969490 0.9330000281333923 7
1747315969736 0.9620000123977661 8
1747315969980 0.9589999914169312 9
1747315970238 0.9610000252723694 10
1747315970473 0.9679999947547913 11
1747315970729 0.9819999933242798 12
1747315970973 0.9729999899864197 13
1747315971207 0.9810000061988831 14
1747315971441 0.9789999723434448 15
1747315971670 0.9800000190734863 16
1747315971904 0.984000027179718 17
1747315972138 0.9829999804496765 18
1747315972361 0.9900000095367432 19
1747315972594 0.9890000224113464 20
1747315972837 0.9919999837875366 21
1747315973065 0.9890000224113464 22
1747315973298 0.9929999709129333 23
1747315973530 0.9929999709129333 24
1747315973751 0.9929999709129333 25
1747315973980 0.9919999837875366 26
1747315974212 0.9959999918937683 27
1747315974446 0.9929999709129333 28
1747315974668 0.996999979019165 29
1747315974899 1.0 30
1747315975137 0.996999979019165 31
1747315975362 0.9940000176429749 32
1747315975602 0.996999979019165 33
1747315975834 0.9950000047683716 34
1747315976059 0.9980000257492065 35
1747315976297 0.9959999918937683 36
1747315976537 0.9980000257492065 37
1747315976757 1.0 38
1747315976985 0.9990000128746033 39
1747315977221 0.9980000257492065 40
1747315977445 1.0 41
1747315977665 0.9990000128746033 42
1747315977910 0.996999979019165 43
1747315978149 0.9980000257492065 44
1747315978383 1.0 45
1747315978617 0.9990000128746033 46
1747315978852 0.9990000128746033 47
1747315979084 0.9980000257492065 48
1747315979320 0.9990000128746033 49
1747315979556 0.9990000128746033 50
1747315979804 1.0 51
1747315980084 0.9990000128746033 52
1747315980376 0.9990000128746033 53
1747315980645 1.0 54
1747315980913 0.9980000257492065 55
1747315981188 0.996999979019165 56
1747315981462 0.996999979019165 57
1747315981759 0.9980000257492065 58
1747315982025 0.9980000257492065 59
1747315982257 0.9980000257492065 60
1747315982481 0.9980000257492065 61
1747315982731 1.0 62
1747315983017 0.9980000257492065 63
1747315983287 1.0 64
1747315983573 0.9990000128746033 65
1747315983845 1.0 66
1747315984122 0.9990000128746033 67
1747315984414 0.9959999918937683 68
