1747315967772 4.999999873689376e-05 0
1747315968022 4.999999873689376e-05 1
1747315968267 4.999999873689376e-05 2
1747315968515 4.999999873689376e-05 3
1747315968755 4.999999873689376e-05 4
1747315969008 4.999999873689376e-05 5
1747315969254 4.999999873689376e-05 6
1747315969490 4.999999873689376e-05 7
1747315969736 4.999999873689376e-05 8
1747315969980 4.999999873689376e-05 9
1747315970238 4.999999873689376e-05 10
1747315970473 4.999999873689376e-05 11
1747315970729 4.999999873689376e-05 12
1747315970973 4.999999873689376e-05 13
1747315971207 4.999999873689376e-05 14
1747315971441 4.999999873689376e-05 15
1747315971670 4.999999873689376e-05 16
1747315971904 4.999999873689376e-05 17
1747315972138 4.999999873689376e-05 18
1747315972361 4.999999873689376e-05 19
1747315972594 4.999999873689376e-05 20
1747315972837 4.999999873689376e-05 21
1747315973065 4.999999873689376e-05 22
1747315973298 4.999999873689376e-05 23
1747315973530 4.999999873689376e-05 24
1747315973751 4.999999873689376e-05 25
1747315973980 4.999999873689376e-05 26
1747315974212 4.999999873689376e-05 27
1747315974446 4.999999873689376e-05 28
1747315974668 4.999999873689376e-05 29
1747315974899 4.999999873689376e-05 30
1747315975137 4.999999873689376e-05 31
1747315975362 4.999999873689376e-05 32
1747315975602 4.999999873689376e-05 33
1747315975834 4.999999873689376e-05 34
1747315976059 4.999999873689376e-05 35
1747315976297 4.999999873689376e-05 36
1747315976537 4.999999873689376e-05 37
1747315976757 4.999999873689376e-05 38
1747315976985 4.999999873689376e-05 39
1747315977221 4.999999873689376e-05 40
1747315977445 4.999999873689376e-05 41
1747315977665 4.999999873689376e-05 42
1747315977910 4.999999873689376e-05 43
1747315978149 4.999999873689376e-05 44
1747315978383 4.999999873689376e-05 45
1747315978617 4.999999873689376e-05 46
1747315978852 4.999999873689376e-05 47
1747315979084 4.999999873689376e-05 48
1747315979320 4.999999873689376e-05 49
1747315979556 4.999999873689376e-05 50
1747315979804 4.999999873689376e-05 51
1747315980084 4.999999873689376e-05 52
1747315980376 4.999999873689376e-05 53
1747315980645 4.999999873689376e-05 54
1747315980913 4.999999873689376e-05 55
1747315981188 4.999999873689376e-05 56
1747315981462 4.999999873689376e-05 57
1747315981759 4.999999873689376e-05 58
1747315982025 4.999999873689376e-05 59
1747315982257 9.999999747378752e-06 60
1747315982481 9.999999747378752e-06 61
1747315982731 9.999999747378752e-06 62
1747315983017 9.999999747378752e-06 63
1747315983287 9.999999747378752e-06 64
1747315983573 9.999999747378752e-06 65
1747315983845 9.999999747378752e-06 66
1747315984122 1.9999999949504854e-06 67
1747315984414 1.9999999949504854e-06 68
