1747315967772 1.7897673845291138 0
1747315968022 0.8361182808876038 1
1747315968267 0.5894519686698914 2
1747315968515 0.42669814825057983 3
1747315968755 0.30761951208114624 4
1747315969008 0.2764644920825958 5
1747315969254 0.22020041942596436 6
1747315969490 0.20267945528030396 7
1747315969736 0.1424074023962021 8
1747315969980 0.1444362848997116 9
1747315970238 0.12799902260303497 10
1747315970473 0.11816472560167313 11
1747315970729 0.09068743884563446 12
1747315970973 0.09714967757463455 13
1747315971207 0.08784954249858856 14
1747315971441 0.07842762768268585 15
1747315971670 0.07635680586099625 16
1747315971904 0.0722239539027214 17
1747315972138 0.06609197705984116 18
1747315972361 0.04951120913028717 19
1747315972594 0.05825444683432579 20
1747315972837 0.05052270367741585 21
1747315973065 0.05118149146437645 22
1747315973298 0.04104606807231903 23
1747315973530 0.04157477989792824 24
1747315973751 0.03760460764169693 25
1747315973980 0.04209601879119873 26
1747315974212 0.03134486824274063 27
1747315974446 0.032568592578172684 28
1747315974668 0.027853909879922867 29
1747315974899 0.025470271706581116 30
1747315975137 0.03330163657665253 31
1747315975362 0.03231005370616913 32
1747315975602 0.023425711318850517 33
1747315975834 0.030708875507116318 34
1747315976059 0.023495448753237724 35
1747315976297 0.023777710273861885 36
1747315976537 0.01935981772840023 37
1747315976757 0.019298221915960312 38
1747315976985 0.019025670364499092 39
1747315977221 0.01960206776857376 40
1747315977445 0.015843670815229416 41
1747315977665 0.01342387031763792 42
1747315977910 0.023855285719037056 43
1747315978149 0.01701255887746811 44
1747315978383 0.010150684975087643 45
1747315978617 0.01232428289949894 46
1747315978852 0.012970246374607086 47
1747315979084 0.01599784940481186 48
1747315979320 0.017671676352620125 49
1747315979556 0.01335189864039421 50
1747315979804 0.013696305453777313 51
1747315980084 0.013657915405929089 52
1747315980376 0.012314199469983578 53
1747315980645 0.00846850872039795 54
1747315980913 0.010130667127668858 55
1747315981188 0.013086539693176746 56
1747315981462 0.014352617785334587 57
1747315981759 0.010971521958708763 58
1747315982025 0.010519975796341896 59
1747315982257 0.009213180281221867 60
1747315982481 0.008280729874968529 61
1747315982731 0.006962858140468597 62
1747315983017 0.011003467254340649 63
1747315983287 0.007176555693149567 64
1747315983573 0.011930466629564762 65
1747315983845 0.012621784582734108 66
1747315984122 0.00911217276006937 67
1747315984414 0.012009677477180958 68
