1747315828158 0.4099999964237213 0
1747315828315 0.7720000147819519 1
1747315828480 0.8809999823570251 2
1747315828641 0.9409999847412109 3
1747315828801 0.9380000233650208 4
1747315828959 0.9589999914169312 5
1747315829119 0.9760000109672546 6
1747315829272 0.9800000190734863 7
1747315829419 0.9810000061988831 8
1747315829560 0.9879999756813049 9
1747315829711 0.9900000095367432 10
1747315829856 0.9919999837875366 11
1747315829999 0.9980000257492065 12
1747315830137 0.9980000257492065 13
1747315830275 0.9940000176429749 14
1747315830417 0.996999979019165 15
1747315830563 0.996999979019165 16
1747315830705 0.9980000257492065 17
1747315830850 0.9990000128746033 18
1747315830993 0.996999979019165 19
1747315831147 0.9980000257492065 20
1747315831286 1.0 21
1747315831431 0.9980000257492065 22
1747315831575 0.9980000257492065 23
1747315831716 0.9940000176429749 24
1747315831866 1.0 25
1747315832010 0.9980000257492065 26
1747315832157 0.9990000128746033 27
1747315832301 0.9990000128746033 28
1747315832449 1.0 29
1747315832593 0.9990000128746033 30
1747315832737 0.9990000128746033 31
1747315832881 0.9950000047683716 32
1747315833018 1.0 33
1747315833157 1.0 34
1747315833298 0.9980000257492065 35
1747315833435 1.0 36
1747315833578 0.9980000257492065 37
1747315833723 1.0 38
1747315833869 0.9990000128746033 39
1747315834013 1.0 40
1747315834153 1.0 41
1747315834294 1.0 42
1747315834438 0.996999979019165 43
1747315834585 1.0 44
1747315834733 1.0 45
1747315834899 1.0 46
1747315835045 1.0 47
1747315835187 1.0 48
1747315835332 1.0 49
1747315835477 1.0 50
1747315835620 1.0 51
1747315835763 0.9990000128746033 52
1747315835908 1.0 53
1747315836062 0.9990000128746033 54
1747315836212 1.0 55
1747315836358 1.0 56
1747315836507 1.0 57
1747315836646 1.0 58
1747315836788 0.9990000128746033 59
1747315836933 1.0 60
1747315837076 1.0 61
1747315837225 0.9980000257492065 62
1747315837374 1.0 63
1747315837518 0.9990000128746033 64
1747315837659 1.0 65
1747315837813 0.9990000128746033 66
1747315838063 1.0 67
1747315838228 1.0 68
1747315838404 0.9990000128746033 69
1747315838569 1.0 70
1747315838727 1.0 71
1747315838889 1.0 72
1747315839057 1.0 73
1747315839239 0.9990000128746033 74
