1747315828158 9.999999747378752e-05 0
1747315828315 9.999999747378752e-05 1
1747315828480 9.999999747378752e-05 2
1747315828641 9.999999747378752e-05 3
1747315828801 9.999999747378752e-05 4
1747315828959 9.999999747378752e-05 5
1747315829119 9.999999747378752e-05 6
1747315829272 9.999999747378752e-05 7
1747315829419 9.999999747378752e-05 8
1747315829560 9.999999747378752e-05 9
1747315829711 9.999999747378752e-05 10
1747315829856 9.999999747378752e-05 11
1747315829999 9.999999747378752e-05 12
1747315830137 9.999999747378752e-05 13
1747315830275 9.999999747378752e-05 14
1747315830417 9.999999747378752e-05 15
1747315830563 9.999999747378752e-05 16
1747315830705 9.999999747378752e-05 17
1747315830850 9.999999747378752e-05 18
1747315830993 9.999999747378752e-05 19
1747315831147 9.999999747378752e-05 20
1747315831286 9.999999747378752e-05 21
1747315831431 9.999999747378752e-05 22
1747315831575 9.999999747378752e-05 23
1747315831716 9.999999747378752e-05 24
1747315831866 9.999999747378752e-05 25
1747315832010 9.999999747378752e-05 26
1747315832157 9.999999747378752e-05 27
1747315832301 9.999999747378752e-05 28
1747315832449 9.999999747378752e-05 29
1747315832593 9.999999747378752e-05 30
1747315832737 9.999999747378752e-05 31
1747315832881 9.999999747378752e-05 32
1747315833018 9.999999747378752e-05 33
1747315833157 9.999999747378752e-05 34
1747315833298 9.999999747378752e-05 35
1747315833435 9.999999747378752e-05 36
1747315833578 9.999999747378752e-05 37
1747315833723 9.999999747378752e-05 38
1747315833869 9.999999747378752e-05 39
1747315834013 9.999999747378752e-05 40
1747315834153 9.999999747378752e-05 41
1747315834294 9.999999747378752e-05 42
1747315834438 9.999999747378752e-05 43
1747315834585 9.999999747378752e-05 44
1747315834733 9.999999747378752e-05 45
1747315834899 9.999999747378752e-05 46
1747315835045 9.999999747378752e-05 47
1747315835187 9.999999747378752e-05 48
1747315835332 9.999999747378752e-05 49
1747315835477 9.999999747378752e-05 50
1747315835620 9.999999747378752e-05 51
1747315835763 9.999999747378752e-05 52
1747315835908 9.999999747378752e-05 53
1747315836062 9.999999747378752e-05 54
1747315836212 9.999999747378752e-05 55
1747315836358 9.999999747378752e-05 56
1747315836507 9.999999747378752e-05 57
1747315836646 9.999999747378752e-05 58
1747315836788 9.999999747378752e-05 59
1747315836933 9.999999747378752e-05 60
1747315837076 9.999999747378752e-05 61
1747315837225 9.999999747378752e-05 62
1747315837374 1.9999999494757503e-05 63
1747315837518 1.9999999494757503e-05 64
1747315837659 1.9999999494757503e-05 65
1747315837813 1.9999999494757503e-05 66
1747315838063 1.9999999494757503e-05 67
1747315838228 1.9999999494757503e-05 68
1747315838404 3.999999989900971e-06 69
1747315838569 3.999999989900971e-06 70
1747315838727 3.999999989900971e-06 71
1747315838889 3.999999989900971e-06 72
1747315839057 3.999999989900971e-06 73
1747315839239 9.999999974752427e-07 74
