1747315828158 1.6096937656402588 0
1747315828315 0.6212484836578369 1
1747315828480 0.34500882029533386 2
1747315828641 0.23472075164318085 3
1747315828801 0.19751513004302979 4
1747315828959 0.160275399684906 5
1747315829119 0.11511924862861633 6
1747315829272 0.10338380932807922 7
1747315829419 0.08905639499425888 8
1747315829560 0.06659748405218124 9
1747315829711 0.06700970232486725 10
1747315829856 0.05685100704431534 11
1747315829999 0.04758252575993538 12
1747315830137 0.03712300583720207 13
1747315830275 0.04051382839679718 14
1747315830417 0.03320374712347984 15
1747315830563 0.027230650186538696 16
1747315830705 0.026220325380563736 17
1747315830850 0.028519000858068466 18
1747315830993 0.027703840285539627 19
1747315831147 0.021270357072353363 20
1747315831286 0.01863856427371502 21
1747315831431 0.0206063874065876 22
1747315831575 0.019809124991297722 23
1747315831716 0.02546738088130951 24
1747315831866 0.016340335831046104 25
1747315832010 0.0183949563652277 26
1747315832157 0.016224561259150505 27
1747315832301 0.016124973073601723 28
1747315832449 0.010970884934067726 29
1747315832593 0.013895067386329174 30
1747315832737 0.014943566173315048 31
1747315832881 0.018086370080709457 32
1747315833018 0.008594134822487831 33
1747315833157 0.009092631749808788 34
1747315833298 0.013478502631187439 35
1747315833435 0.009095532819628716 36
1747315833578 0.012099720537662506 37
1747315833723 0.011332742869853973 38
1747315833869 0.013622625730931759 39
1747315834013 0.007675742730498314 40
1747315834153 0.008272926323115826 41
1747315834294 0.0072837406769394875 42
1747315834438 0.011857904493808746 43
1747315834585 0.006615884136408567 44
1747315834733 0.0063203489407896996 45
1747315834899 0.009044245816767216 46
1747315835045 0.008382860571146011 47
1747315835187 0.00929155945777893 48
1747315835332 0.005296072456985712 49
1747315835477 0.005990170408040285 50
1747315835620 0.006294810213148594 51
1747315835763 0.006375815253704786 52
1747315835908 0.007209723349660635 53
1747315836062 0.006888966541737318 54
1747315836212 0.00415766891092062 55
1747315836358 0.004662443418055773 56
1747315836507 0.005520137958228588 57
1747315836646 0.00411266041919589 58
1747315836788 0.005233136937022209 59
1747315836933 0.003996267914772034 60
1747315837076 0.004376494325697422 61
1747315837225 0.00785919465124607 62
1747315837374 0.006546789314597845 63
1747315837518 0.0059772273525595665 64
1747315837659 0.003569579217582941 65
1747315837813 0.005379998590797186 66
1747315838063 0.005207291804254055 67
1747315838228 0.004048183560371399 68
1747315838404 0.008545384742319584 69
1747315838569 0.004747068975120783 70
1747315838727 0.003847245592623949 71
1747315838889 0.0036488587502390146 72
1747315839057 0.0040208641439676285 73
1747315839239 0.0066574495285749435 74
